#include "mpc_const.h" 

const real_t HoL[] = { /* Quadratic term (Hessian) matrix of QP over Lipschitz constant. */
0.0809593584803413, 0.004091559770379061, -0.018277221368899754, -0.014591586300980428, -0.01576475861648889, -0.0187863980451001, 0.011152033077050611, 0.012680357712498683, 0.02200513132295724, 0.010323896098553694, -0.008794221492759954, 0.0024191793631062513, -0.011721285497234824, -0.0033968297032475623, 0.0022408015311407427, 0.003096908301988027, 0.005989102875418768, 0.003526206262354084, -0.0019731345569129113, -0.0012143146960843126, -0.004187360965613141, -0.001845090139714972, 0.0012196759373855144, 0.000439766683659162, 0.0022956609217369603, 0.0010054287417925725, -0.0005962513483299141, -0.0004759044871844464, -0.001306332531654194, -0.0006378621025132096, 0.00037063478481252964, 0.00018894786636760528, 0.0007204041733910981, 0.0003078500830436254, -0.00016498018514619355, -2.3952523837157977e-05, -0.00034710344646569864, -8.782145295843642e-05, 3.4798633504997e-05, -1.563608911988084e-05, 
0.004091559770379061, 0.05914058330865167, -0.024893116590808728, -0.02223275402377885, -0.027481210371643947, -0.01277741462568576, 0.012236083789268432, 0.0044863078111234585, 0.013369126383468813, 0.005580572766034214, -0.0032533681193507467, -0.007222746360953341, -0.008497569533557462, -0.005402896278049679, 0.003132529218019668, 0.001835371205581625, 0.0061453660882583635, 0.0025229396476854683, -0.0016186361892761248, -0.0009501075316502945, -0.00331940076266316, -0.0015689155381463072, 0.0008825575408029326, 0.0007975074712264606, 0.002023389335635741, 0.0009991997025099756, -0.000598968713216178, -0.00030877718545902085, -0.0011944708886557577, -0.0005214725094325748, 0.0003090510806485214, 0.00017695788373601364, 0.000615308686631997, 0.000276275354601662, -0.0001402381926545392, -3.5666320181506065e-05, -0.00031030437007391847, -8.170782470673962e-05, 3.4336032261776913e-05, -1.929361765924974e-05, 
-0.018277221368899754, -0.024893116590808728, 0.06309543130266389, -0.0006697489811472793, 0.021272753827247824, 0.0070160737313666255, -0.016751636467654134, -0.0018365588768652786, -0.013529455722095789, -0.0035512746041540433, 0.0036543291849870973, 0.003208454692942219, 0.008170810700780497, 0.003884125734689944, -0.0021768804755413563, -0.0009057726751679449, -0.005491064655636639, -0.00214576662281055, 0.001265531158537553, 0.0003842402405529136, 0.002968132597795941, 0.0013050494966236831, -0.00073423340173679, -0.00048326194277059924, -0.001717888777538582, -0.0008231893668678463, 0.0004957799399065124, 0.00022980970379621825, 0.0009943369516403823, 0.0004391449230171907, -0.00026556426961133595, -0.00013441525155861764, -0.0005127593742560576, -0.00022792747888825346, 0.00011925696775400287, 2.6649793297872622e-05, 0.0002560149454530093, 6.717936503895095e-05, -2.874296417062443e-05, 1.5420710122907994e-05, 
-0.014591586300980428, -0.02223275402377885, -0.0006697489811472793, 0.095209670822725, 0.004359671449815594, 0.037613211288081747, -0.023669721536606472, -0.014787549293137945, -0.025200259282539227, -0.007979962491242321, 0.00927871537070729, 0.002742684590354473, 0.009913287408256416, 0.00451938272391782, -0.002141241666004244, -0.006780481551396749, -0.0071547670972422865, -0.004587958979105753, 0.0026636988025343163, 0.001077385924162301, 0.005065583774686108, 0.001940789950307198, -0.0012333196403328012, -0.0008057460469303888, -0.0026369315687117573, -0.0012754580065648157, 0.0006918384393278356, 0.0006227149084509321, 0.0016093265517653583, 0.0007755575890102315, -0.00045523161841294645, -0.00019069992546681254, -0.0008658023939140107, -0.00035949909634423174, 0.00018793897269195388, 4.199448239993969e-05, 0.0004138692150955068, 0.00010968141514836483, -4.322129715068393e-05, 1.9199908656807946e-05, 
-0.01576475861648889, -0.027481210371643947, 0.021272753827247824, 0.004359671449815594, 0.08095603939436889, 0.004088599584027928, -0.018274780043342022, -0.0145876052704631, -0.015759102563228537, -0.018781503634100267, 0.011147974621635982, 0.012673576832049324, 0.021995825056343905, 0.010315561020982774, -0.00878728667699803, 0.002430625444726129, -0.011705801069137546, -0.0033828776288410568, 0.002228996099501654, 0.003078683936764783, 0.00596118356633742, 0.003503705487713983, -0.001953005931288102, -0.0011811256262217584, -0.004144909632419653, -0.0018045950113799814, 0.0011825041206067987, 0.0003882025777514989, 0.0022222491717359513, 0.0009451186842946437, -0.0005385124651118752, -0.0004115951023784731, -0.0011599387588266399, -0.0005525124802915678, 0.000284452148570598, 4.278081109221265e-05, 0.0005996651744890558, 0.0001489492540810576, -6.508848189556818e-05, 4.017991638927937e-05, 
-0.0187863980451001, -0.01277741462568576, 0.0070160737313666255, 0.037613211288081747, 0.004088599584027928, 0.05913794059917872, -0.024890937298160748, -0.022229202836958954, -0.02747615977738463, -0.012773048716840006, 0.01223246202332304, 0.0044802571296933815, 0.01336081559363381, 0.005573133319190819, -0.003247172044172988, -0.007212511880869637, -0.00848377818693453, -0.00539042899357188, 0.0031219685829422836, 0.0018191598184363784, 0.006120364403866424, 0.0025029221430583025, -0.0016006745416202622, -0.0009205024540333091, -0.003281553185269785, -0.0015327743677655615, 0.0008493497055922875, 0.0007514354836594363, 0.001958425176990733, 0.000945443488681736, -0.0005477523371464809, -0.0002529925677679555, -0.0010622946915734956, -0.0004468537331585163, 0.0002340293604000786, 4.5800140437876845e-05, 0.0005100894877775371, 0.0001329692361274597, -5.242085806215305e-05, 2.3802280670583095e-05, 
0.011152033077050611, 0.012236083789268432, -0.016751636467654134, -0.023669721536606472, -0.018274780043342022, -0.024890937298160748, 0.06309363413019163, -0.0006726776760439692, 0.021268588984151546, 0.007012473134348248, -0.01674864963287738, -0.0018315690443353391, -0.013522602403872696, -0.0035451396472814247, 0.0036492199066022464, 0.003200016219752982, 0.00815943531660622, 0.0038738457152001186, -0.002168173266114236, -0.0008924000927897385, -0.005470453428748794, -0.0021292545796244102, 0.001250719220626555, 0.0003598272562234847, 0.002936917617000436, 0.0012752480069928669, -0.0007068549555064197, -0.00044527529378153547, -0.001664273497869874, -0.0007788540381478375, 0.000453525209660707, 0.00018368343230090506, 0.0008854457097590066, 0.0003774931742944903, -0.00020355363794208895, -2.630253850968554e-05, -0.0004256881552214357, -0.00010981553225729475, 4.655830401278547e-05, -2.240151177657784e-05, 
0.012680357712498683, 0.0044863078111234585, -0.0018365588768652786, -0.014787549293137945, -0.0145876052704631, -0.022229202836958954, -0.0006726776760439692, 0.09520489497790409, 0.004352887325182697, 0.03760734002593254, -0.023664852860203173, -0.014779417662224396, -0.02518909030361686, -0.007969966145178035, 0.009270395427898984, 0.0027289465299370945, 0.009894722053165942, 0.004502638128725647, -0.00212706798832858, -0.006758623870682013, -0.007121270524307872, -0.004560978634384095, 0.002639544890212231, 0.00103762803190792, 0.005014586853111181, 0.0018922644319173893, -0.0011887351678721875, -0.0007438118320716803, -0.002549159935952766, -0.001203051251866002, 0.0006226130517255907, 0.0005460380377659631, 0.0014334949972175182, 0.0006737232313979254, -0.0003526242126559991, -1.6211708774837796e-05, -0.000720232795452352, -0.00016927336247738866, 6.938572013438073e-05, -3.770337145830701e-05, 
0.02200513132295724, 0.013369126383468813, -0.013529455722095789, -0.025200259282539227, -0.015759102563228537, -0.02747615977738463, 0.021268588984151546, 0.004352887325182697, 0.08094638312936539, 0.004080258338494575, -0.018267859020972, -0.014576037261636943, -0.015743226136100984, -0.01876728067911479, 0.011136126400628108, 0.012654015267964844, 0.021969473024132682, 0.010291737325699013, -0.008767097539146916, 0.0024615622865283137, -0.011657944515482343, -0.0033446636809311113, 0.002194667597234464, 0.003022018578831236, 0.005889045812415432, 0.00343455167693557, -0.0018894778808719738, -0.001093290019231107, -0.004020674872666971, -0.0017021702799190457, 0.0010849328021582164, 0.00028243816397134554, 0.0019687495902430117, 0.0008031742649449683, -0.0003958503669952488, -0.00015914840098367903, -0.0009629354746636675, -0.00027697458286632864, 0.00011645921483960501, -6.624639253012882e-05, 
0.010323896098553694, 0.005580572766034214, -0.0035512746041540433, -0.007979962491242321, -0.018781503634100267, -0.012773048716840006, 0.007012473134348248, 0.03760734002593254, 0.004080258338494575, 0.059130722514540476, -0.024884951673715995, -0.02221920439428522, -0.027462430146461887, -0.012760757710327357, 0.012222232575779661, 0.0044633685453080545, 0.013337988613952254, 0.005552548992624029, -0.0032297479248896647, -0.007185642650718956, -0.0084425892556379, -0.00535725983595437, 0.0030922725252779766, 0.0017702582161977292, 0.006057703623492129, 0.002443242985356304, -0.00154584910845124, -0.0008444044674373573, -0.003173565379707768, -0.0014438090184323974, 0.0007642677148692437, 0.0006571619818398701, 0.0017422242963785785, 0.0008202037236811504, -0.00042152870260949983, -3.8145630568698786e-05, -0.0008839636063944395, -0.00021279667923985947, 8.813565623612208e-05, -5.090076901284215e-05, 
-0.008794221492759954, -0.0032533681193507467, 0.0036543291849870973, 0.00927871537070729, 0.011147974621635982, 0.01223246202332304, -0.01674864963287738, -0.023664852860203173, -0.018267859020972, -0.024884951673715995, 0.06308866887809336, -0.0006809715355072613, 0.021257198115854005, 0.0070022766235699665, -0.016740156777114348, -0.0018175494483686136, -0.013503680874825365, -0.0035280578639193616, 0.003634743616148043, 0.003177766587754464, 0.008125207200192823, 0.003846377610484417, -0.0021435218602174145, -0.0008518513057513902, -0.005418524860681318, -0.002079768654881355, 0.00120520297988824, 0.0002968084133462046, 0.0028476273944946077, 0.0012016485696045513, -0.000636581396727449, -0.0003683491695786045, -0.0014840415501686495, -0.0006762273911852079, 0.0003504325784234764, 5.468822991662147e-06, 0.0007392953914883537, 0.00018275676798716758, -8.389969063040584e-05, 5.39025429601654e-05, 
0.0024191793631062513, -0.007222746360953341, 0.003208454692942219, 0.002742684590354473, 0.012673576832049324, 0.0044802571296933815, -0.0018315690443353391, -0.014779417662224396, -0.014576037261636943, -0.02221920439428522, -0.0006809715355072613, 0.09519102857919329, 0.004333875050058876, 0.03759029488513201, -0.023650664221873202, -0.014756010883157391, -0.025157461768881798, -0.00794144744079889, 0.009246243422527889, 0.0026917949721741987, 0.009837497184559726, 0.004456745838361035, -0.0020859221187417296, -0.006690653453116948, -0.0070348494924234155, -0.004478076449323509, 0.002563454151238078, 0.0009325897390115346, 0.004864671195784888, 0.0017695689322523127, -0.0010714404831798964, -0.0006145315114963987, -0.0022479332916990895, -0.0010304447916969304, 0.0004487913934559858, 0.0002441664132090429, 0.0011949180708789853, 0.0003456503631320519, -0.0001497947362125204, 0.00010811827864808796, 
-0.011721285497234824, -0.008497569533557462, 0.008170810700780497, 0.009913287408256416, 0.021995825056343905, 0.01336081559363381, -0.013522602403872696, -0.02518909030361686, -0.015743226136100984, -0.027462430146461887, 0.021257198115854005, 0.004333875050058876, 0.08092021895276447, 0.004056877665402494, -0.018248367235919053, -0.014543816786838597, -0.015699896996438187, -0.01872803556390838, 0.011102839782820135, 0.012603040179906495, 0.02189083985603244, 0.010228834602319511, -0.00871051972175188, 0.0025543223715298546, -0.011538454611964557, -0.003231349396892546, 0.00209019492062945, 0.0028768326310155915, 0.005686183342532103, 0.0032653075054538913, -0.0017284459852228977, -0.000920474124749469, -0.0036042420973898905, -0.0014707021516209109, 0.0008530711805052051, -0.00012334394000637188, 0.0016322811487473382, 0.00035694120252877034, -0.0001276929032596226, 3.999325715253705e-05, 
-0.0033968297032475623, -0.005402896278049679, 0.003884125734689944, 0.00451938272391782, 0.010315561020982774, 0.005573133319190819, -0.0035451396472814247, -0.007969966145178035, -0.01876728067911479, -0.012760757710327357, 0.0070022766235699665, 0.03759029488513201, 0.004056877665402494, 0.059109768159353836, -0.024867503654826116, -0.022190411513669454, -0.027423568235643646, -0.01272568184431176, 0.012192518271829806, 0.0044177263989915, 0.01326758307620972, 0.0054961713366937694, -0.0031791591153890455, -0.007102121204176847, -0.0083363095270649, -0.005255367770765038, 0.0029987014336959965, 0.0016410202406848284, 0.005873899228145975, 0.0022923784015942577, -0.0014018011872288282, -0.0006866710516048666, -0.002802160230046878, -0.0012328324998278728, 0.0005520193000690574, 0.0002861714300063581, 0.00144981854477015, 0.00041629328959001167, -0.0001735401895970147, 0.00011767913816077653, 
0.0022408015311407427, 0.003132529218019668, -0.0021768804755413563, -0.002141241666004244, -0.00878728667699803, -0.003247172044172988, 0.0036492199066022464, 0.009270395427898984, 0.011136126400628108, 0.012222232575779661, -0.016740156777114348, -0.023650664221873202, -0.018248367235919053, -0.024867503654826116, 0.06307410670071753, -0.0007050029001014155, 0.02122489534352756, 0.006973023471490123, -0.016715285454488367, -0.001779671301147819, -0.013444823664941638, -0.0034812856655136847, 0.0035924725846104605, 0.003108429456174025, 0.00803664073224552, 0.003761763886877403, -0.0020653901307339045, -0.0007445503855786524, -0.005267083221992034, -0.001954860283959854, 0.001086340714668571, 0.0001713835346623482, 0.002535084355802644, 0.0010321614172276573, -0.00046784293867614863, -6.355966226235373e-05, -0.0012444634258756734, -0.00034104015112186136, 0.0001547177658007566, -0.00012767268891220862, 
0.003096908301988027, 0.001835371205581625, -0.0009057726751679449, -0.006780481551396749, 0.002430625444726129, -0.007212511880869637, 0.003200016219752982, 0.0027289465299370945, 0.012654015267964844, 0.0044633685453080545, -0.0018175494483686136, -0.014756010883157391, -0.014543816786838597, -0.022190411513669454, -0.0007050029001014155, 0.09515127929989221, 0.004280663290178636, 0.03754192034405189, -0.023609580986505927, -0.014693544424674654, -0.025060199463252344, -0.00786433528009489, 0.00917661454711559, 0.002577515164535684, 0.00969085709652354, 0.004317092637731641, -0.0019570741924778857, -0.0065119267199404696, -0.00678736157821404, -0.0042703907636531145, 0.0023669494519882803, 0.0007276793737179779, 0.00434438871550799, 0.0014919120524147368, -0.000794901893010751, -0.0001090040016420337, -0.0018513551751095422, -0.00047229447751622014, 0.00012524070502839313, -3.279623289392363e-06, 
0.005989102875418768, 0.0061453660882583635, -0.005491064655636639, -0.0071547670972422865, -0.011705801069137546, -0.00848377818693453, 0.00815943531660622, 0.009894722053165942, 0.021969473024132682, 0.013337988613952254, -0.013503680874825365, -0.025157461768881798, -0.015699896996438187, -0.027423568235643646, 0.02122489534352756, 0.004280663290178636, 0.0808478030149035, 0.003991966792799124, -0.01819345297343296, -0.014458530688786962, -0.015570217430478117, -0.01862273759470335, 0.011008807884596407, 0.012448107938068068, 0.02169297904086494, 0.010040038491930699, -0.008537107084927503, 0.002793243403431955, -0.011191595799865624, -0.00295106072680577, 0.0018194246567758425, 0.002567992828511797, 0.005014514927285554, 0.0028587411457039577, -0.0013159911944025581, -0.00024649439459474256, -0.003030311033716154, -0.0007439542866396625, 0.0003857565698128996, -0.00038507282635293945, 
0.003526206262354084, 0.0025229396476854683, -0.00214576662281055, -0.004587958979105753, -0.0033828776288410568, -0.00539042899357188, 0.0038738457152001186, 0.004502638128725647, 0.010291737325699013, 0.005552548992624029, -0.0035280578639193616, -0.00794144744079889, -0.01872803556390838, -0.01272568184431176, 0.006973023471490123, 0.03754192034405189, 0.003991966792799124, 0.05905087087649905, -0.024817530186272935, -0.022114127699665143, -0.02730534666658001, -0.012631524338735411, 0.012107696402179178, 0.004278472100710921, 0.013088703011429881, 0.0053260312034333025, -0.003022294765725676, -0.0068842877867934605, -0.00803324794523944, -0.005001855154009054, 0.002758102144235124, 0.0013861199898059999, 0.005244584763478438, 0.0019490286344313072, -0.0010584579058866407, -7.300717259129306e-05, -0.0023098704483394358, -0.0005575968939737421, 0.000153202396742223, -1.1418481251293028e-05, 
-0.0019731345569129113, -0.0016186361892761248, 0.001265531158537553, 0.0026636988025343163, 0.002228996099501654, 0.0031219685829422836, -0.002168173266114236, -0.00212706798832858, -0.008767097539146916, -0.0032297479248896647, 0.003634743616148043, 0.009246243422527889, 0.011102839782820135, 0.012192518271829806, -0.016715285454488367, -0.023609580986505927, -0.01819345297343296, -0.024817530186272935, 0.06303142746945874, -0.0007693744820794433, 0.021124227054102725, 0.0068936153836995995, -0.01664286137415057, -0.0016622150409265955, -0.013293124252797621, -0.00333781538931747, 0.0034587218748587693, 0.002925571742095007, 0.007782697133502243, 0.0035497325740431055, -0.0018640409036846828, -0.0005431361991170239, -0.00472855466222762, -0.0016794695974889347, 0.0008151533539639384, -0.0003319387022711934, 0.002127294203732233, 0.0004714665635660389, -0.00016522578331304829, 0.00017599884952872183, 
-0.0012143146960843126, -0.0009501075316502945, 0.0003842402405529136, 0.001077385924162301, 0.003078683936764783, 0.0018191598184363784, -0.0008924000927897385, -0.006758623870682013, 0.0024615622865283137, -0.007185642650718956, 0.003177766587754464, 0.0026917949721741987, 0.012603040179906495, 0.0044177263989915, -0.001779671301147819, -0.014693544424674654, -0.014458530688786962, -0.022114127699665143, -0.0007693744820794433, 0.09505038018951426, 0.004129208457891631, 0.037417468480863525, -0.02349909409838666, -0.014511962020204387, -0.024825728973575264, -0.007642925457748146, 0.008973366796576246, 0.002294498288284635, 0.009281498408419, 0.003984111976277871, -0.0016342583008030164, -0.006133866631239154, -0.006011395885361912, -0.00377905220796694, 0.001866005211831956, -4.863585185511774e-05, 0.003626355623775501, 0.0006572744455336139, -0.00024180884913816575, 0.0002282280759537555, 
-0.004187360965613141, -0.00331940076266316, 0.002968132597795941, 0.005065583774686108, 0.00596118356633742, 0.006120364403866424, -0.005470453428748794, -0.007121270524307872, -0.011657944515482343, -0.0084425892556379, 0.008125207200192823, 0.009837497184559726, 0.02189083985603244, 0.01326758307620972, -0.013444823664941638, -0.025060199463252344, -0.015570217430478117, -0.02730534666658001, 0.021124227054102725, 0.004129208457891631, 0.08060839248606641, 0.003804779722606663, -0.01802324999910621, -0.014178233181180345, -0.015215224628752657, -0.018280414793139643, 0.010692481954744013, 0.012014732713038379, 0.021091241823345697, 0.009538488468714964, -0.008063644589923884, 0.003266978620358179, -0.009894526933521894, -0.0022965706935603814, 0.001168738652811796, 0.0013043129085754948, 0.004127157464670142, 0.0014635656377443482, -0.000534250672383621, 0.0002913491102642307, 
-0.001845090139714972, -0.0015689155381463072, 0.0013050494966236831, 0.001940789950307198, 0.003503705487713983, 0.0025029221430583025, -0.0021292545796244102, -0.004560978634384095, -0.0033446636809311113, -0.00535725983595437, 0.003846377610484417, 0.004456745838361035, 0.010228834602319511, 0.0054961713366937694, -0.0034812856655136847, -0.00786433528009489, -0.01862273759470335, -0.012631524338735411, 0.0068936153836995995, 0.037417468480863525, 0.003804779722606663, 0.05889729403341301, -0.024681283930177517, -0.02188941362158307, -0.027016713196773973, -0.012357599486857551, 0.011856756670254338, 0.0039293849229183235, 0.012582207630171122, 0.004915327677002117, -0.0026242912025529782, -0.006416970668432773, -0.0070725277858594985, -0.004393681180175958, 0.0021370109160336152, 0.0004146679408293857, 0.00437208686519196, 0.0009067433908845538, -0.00036233740529613087, 0.0003302220270143812, 
0.0012196759373855144, 0.0008825575408029326, -0.00073423340173679, -0.0012333196403328012, -0.001953005931288102, -0.0016006745416202622, 0.001250719220626555, 0.002639544890212231, 0.002194667597234464, 0.0030922725252779766, -0.0021435218602174145, -0.0020859221187417296, -0.00871051972175188, -0.0031791591153890455, 0.0035924725846104605, 0.00917661454711559, 0.011008807884596407, 0.012107696402179178, -0.01664286137415057, -0.02349909409838666, -0.01802324999910621, -0.024681283930177517, 0.06290750885874594, -0.0009696235776660181, 0.0208652044399978, 0.006649492113500521, -0.016414413786433997, -0.0013533729910489558, -0.012850502978591955, -0.0029778943057743533, 0.003110065967869079, 0.002561359343111723, 0.006891267853729699, 0.0030612196137430395, -0.0013749772332441671, 0.00028719049848017645, -0.003998512201216252, -0.0007678417333732358, 0.0003024882579030151, -0.000653665479430068, 
0.000439766683659162, 0.0007975074712264606, -0.00048326194277059924, -0.0008057460469303888, -0.0011811256262217584, -0.0009205024540333091, 0.0003598272562234847, 0.00103762803190792, 0.003022018578831236, 0.0017702582161977292, -0.0008518513057513902, -0.006690653453116948, 0.0025543223715298546, -0.007102121204176847, 0.003108429456174025, 0.002577515164535684, 0.012448107938068068, 0.004278472100710921, -0.0016622150409265955, -0.014511962020204387, -0.014178233181180345, -0.02188941362158307, -0.0009696235776660181, 0.09471435682542749, 0.0037108118362777, 0.037008117486189554, -0.023126540363001387, -0.013998883105895596, -0.024081325642839185, -0.007043100329357181, 0.00839771227340885, 0.0016424693704254318, 0.007804364471039023, 0.0031138860401575675, -0.0007442118616448952, -0.0045844755271459425, -0.0049133720094606155, -0.0021246980442554526, 0.00079579451533854, -0.0005419401485127002, 
0.0022956609217369603, 0.002023389335635741, -0.001717888777538582, -0.0026369315687117573, -0.004144909632419653, -0.003281553185269785, 0.002936917617000436, 0.005014586853111181, 0.005889045812415432, 0.006057703623492129, -0.005418524860681318, -0.0070348494924234155, -0.011538454611964557, -0.0083363095270649, 0.00803664073224552, 0.00969085709652354, 0.02169297904086494, 0.013088703011429881, -0.013293124252797621, -0.024825728973575264, -0.015215224628752657, -0.027016713196773973, 0.0208652044399978, 0.0037108118362777, 0.08005420973454183, 0.003292952208729344, -0.017547255078899423, -0.01351043906426711, -0.014290838576819332, -0.017499635449156944, 0.00994096776567709, 0.01119672623639355, 0.019236908849090795, 0.00846330451435559, -0.006972859913494126, 0.004994445189824497, -0.008167315622704622, -0.000391439172571748, -9.84978838464171e-06, 0.0002985798779742076, 
0.0010054287417925725, 0.0009991997025099756, -0.0008231893668678463, -0.0012754580065648157, -0.0018045950113799814, -0.0015327743677655615, 0.0012752480069928669, 0.0018922644319173893, 0.00343455167693557, 0.002443242985356304, -0.002079768654881355, -0.004478076449323509, -0.003231349396892546, -0.005255367770765038, 0.003761763886877403, 0.004317092637731641, 0.010040038491930699, 0.0053260312034333025, -0.00333781538931747, -0.007642925457748146, -0.018280414793139643, -0.012357599486857551, 0.006649492113500521, 0.037008117486189554, 0.003292952208729344, 0.05839812423662195, -0.024226899034702522, -0.021259932046512105, -0.026114735217379694, -0.011622674272613914, 0.011154047856118437, 0.0031412497604906076, 0.010768491952585516, 0.0038609148701678093, -0.0015453051285616267, -0.004525465112984362, -0.005725388310561493, -0.0023682981199427645, 0.0008319076524163846, -0.00025408013129093077, 
-0.0005962513483299141, -0.000598968713216178, 0.0004957799399065124, 0.0006918384393278356, 0.0011825041206067987, 0.0008493497055922875, -0.0007068549555064197, -0.0011887351678721875, -0.0018894778808719738, -0.00154584910845124, 0.00120520297988824, 0.002563454151238078, 0.00209019492062945, 0.0029987014336959965, -0.0020653901307339045, -0.0019570741924778857, -0.008537107084927503, -0.003022294765725676, 0.0034587218748587693, 0.008973366796576246, 0.010692481954744013, 0.011856756670254338, -0.016414413786433997, -0.023126540363001387, -0.017547255078899423, -0.024226899034702522, 0.062482450398287634, -0.0015427529562091285, 0.02004763586302619, 0.005984414255603667, -0.015767058087196657, -0.0006932885801023113, -0.011166862735220199, -0.0020817035440889144, 0.0021883295865469388, 0.0009686171289073617, 0.005631503924292379, 0.0013394726160939762, -0.0003839537602823832, 0.0007791233238634392, 
-0.0004759044871844464, -0.00030877718545902085, 0.00022980970379621825, 0.0006227149084509321, 0.0003882025777514989, 0.0007514354836594363, -0.00044527529378153547, -0.0007438118320716803, -0.001093290019231107, -0.0008444044674373573, 0.0002968084133462046, 0.0009325897390115346, 0.0028768326310155915, 0.0016410202406848284, -0.0007445503855786524, -0.0065119267199404696, 0.002793243403431955, -0.0068842877867934605, 0.002925571742095007, 0.002294498288284635, 0.012014732713038379, 0.0039293849229183235, -0.0013533729910489558, -0.013998883105895596, -0.01351043906426711, -0.021259932046512105, -0.0015427529562091285, 0.09388204223624942, 0.002603193752222474, 0.036038326647651914, -0.022213977310540697, -0.01299094623048705, -0.021754757894058386, -0.005706935509961931, 0.0070255171610456605, -0.0006914525936837002, 0.005843895527959989, 0.0005600348885784847, 0.0009292945742362391, -0.0030950486046417225, 
-0.001306332531654194, -0.0011944708886557577, 0.0009943369516403823, 0.0016093265517653583, 0.0022222491717359513, 0.001958425176990733, -0.001664273497869874, -0.002549159935952766, -0.004020674872666971, -0.003173565379707768, 0.0028476273944946077, 0.004864671195784888, 0.005686183342532103, 0.005873899228145975, -0.005267083221992034, -0.00678736157821404, -0.011191595799865624, -0.00803324794523944, 0.007782697133502243, 0.009281498408419, 0.021091241823345697, 0.012582207630171122, -0.012850502978591955, -0.024081325642839185, -0.014290838576819332, -0.026114735217379694, 0.02004763586302619, 0.002603193752222474, 0.07829385225724869, 0.0019724634703565604, -0.016219096009379437, -0.01177529549201925, -0.011327118211241239, -0.015293649672518695, 0.007602108881729893, 0.007923576580001222, 0.016372965109658966, 0.005126545409415511, -0.004307701974533897, 0.005391255069751498, 
-0.0006378621025132096, -0.0005214725094325748, 0.0004391449230171907, 0.0007755575890102315, 0.0009451186842946437, 0.000945443488681736, -0.0007788540381478375, -0.001203051251866002, -0.0017021702799190457, -0.0014438090184323974, 0.0012016485696045513, 0.0017695689322523127, 0.0032653075054538913, 0.0022923784015942577, -0.001954860283959854, -0.0042703907636531145, -0.00295106072680577, -0.005001855154009054, 0.0035497325740431055, 0.003984111976277871, 0.009538488468714964, 0.004915327677002117, -0.0029778943057743533, -0.007043100329357181, -0.017499635449156944, -0.011622674272613914, 0.005984414255603667, 0.036038326647651914, 0.0019724634703565604, 0.057260244041814144, -0.02314818616095378, -0.019995242079327562, -0.02347587452484677, -0.009978544332121276, 0.009458064073129279, 0.00042877472368808454, 0.008336947986150587, 0.0009102366202385568, 0.0005344819066077038, -0.0028098867873441328, 
0.00037063478481252964, 0.0003090510806485214, -0.00026556426961133595, -0.00045523161841294645, -0.0005385124651118752, -0.0005477523371464809, 0.000453525209660707, 0.0006226130517255907, 0.0010849328021582164, 0.0007642677148692437, -0.000636581396727449, -0.0010714404831798964, -0.0017284459852228977, -0.0014018011872288282, 0.001086340714668571, 0.0023669494519882803, 0.0018194246567758425, 0.002758102144235124, -0.0018640409036846828, -0.0016342583008030164, -0.008063644589923884, -0.0026242912025529782, 0.003110065967869079, 0.00839771227340885, 0.00994096776567709, 0.011154047856118437, -0.015767058087196657, -0.022213977310540697, -0.016219096009379437, -0.02314818616095378, 0.061397864188543656, -0.00286075852855885, 0.017637836610201872, 0.004311992552218789, -0.013928434090966578, 0.0017265313961756434, -0.008637912927562606, 0.00042900271537211663, 0.0001295323382292473, 7.861991550754236e-05, 
0.00018894786636760528, 0.00017695788373601364, -0.00013441525155861764, -0.00019069992546681254, -0.0004115951023784731, -0.0002529925677679555, 0.00018368343230090506, 0.0005460380377659631, 0.00028243816397134554, 0.0006571619818398701, -0.0003683491695786045, -0.0006145315114963987, -0.000920474124749469, -0.0006866710516048666, 0.0001713835346623482, 0.0007276793737179779, 0.002567992828511797, 0.0013861199898059999, -0.0005431361991170239, -0.006133866631239154, 0.003266978620358179, -0.006416970668432773, 0.002561359343111723, 0.0016424693704254318, 0.01119672623639355, 0.0031412497604906076, -0.0006932885801023113, -0.01299094623048705, -0.01177529549201925, -0.019995242079327562, -0.00286075852855885, 0.09145342948802414, 0.0006998374980683869, 0.0332081799199677, -0.01907742825793369, -0.010008605360889409, -0.017961194859161065, -0.0029888410460456737, 0.0033186800426528882, -0.0013743516827538899, 
0.0007204041733910981, 0.000615308686631997, -0.0005127593742560576, -0.0008658023939140107, -0.0011599387588266399, -0.0010622946915734956, 0.0008854457097590066, 0.0014334949972175182, 0.0019687495902430117, 0.0017422242963785785, -0.0014840415501686495, -0.0022479332916990895, -0.0036042420973898905, -0.002802160230046878, 0.002535084355802644, 0.00434438871550799, 0.005014514927285554, 0.005244584763478438, -0.00472855466222762, -0.006011395885361912, -0.009894526933521894, -0.0070725277858594985, 0.006891267853729699, 0.007804364471039023, 0.019236908849090795, 0.010768491952585516, -0.011166862735220199, -0.021754757894058386, -0.011327118211241239, -0.02347587452484677, 0.017637836610201872, 0.0006998374980683869, 0.07074907235770476, -0.0009267179029589662, -0.01332161554165909, -0.0046134577468174565, -0.007648171346179287, -0.007204442156704429, 0.003428297120584845, 0.00425783762341878, 
0.0003078500830436254, 0.000276275354601662, -0.00022792747888825346, -0.00035949909634423174, -0.0005525124802915678, -0.0004468537331585163, 0.0003774931742944903, 0.0006737232313979254, 0.0008031742649449683, 0.0008202037236811504, -0.0006762273911852079, -0.0010304447916969304, -0.0014707021516209109, -0.0012328324998278728, 0.0010321614172276573, 0.0014919120524147368, 0.0028587411457039577, 0.0019490286344313072, -0.0016794695974889347, -0.00377905220796694, -0.0022965706935603814, -0.004393681180175958, 0.0030612196137430395, 0.0031138860401575675, 0.00846330451435559, 0.0038609148701678093, -0.0020817035440889144, -0.005706935509961931, -0.015293649672518695, -0.009978544332121276, 0.004311992552218789, 0.0332081799199677, -0.0009267179029589662, 0.053869686898863955, -0.019425888363940037, -0.015856528303373495, -0.01918241601643066, -0.006080221140879896, 0.004970800619216373, -0.0004897276480008009, 
-0.00016498018514619355, -0.0001402381926545392, 0.00011925696775400287, 0.00018793897269195388, 0.000284452148570598, 0.0002340293604000786, -0.00020355363794208895, -0.0003526242126559991, -0.0003958503669952488, -0.00042152870260949983, 0.0003504325784234764, 0.0004487913934559858, 0.0008530711805052051, 0.0005520193000690574, -0.00046784293867614863, -0.000794901893010751, -0.0013159911944025581, -0.0010584579058866407, 0.0008151533539639384, 0.001866005211831956, 0.001168738652811796, 0.0021370109160336152, -0.0013749772332441671, -0.0007442118616448952, -0.006972859913494126, -0.0015453051285616267, 0.0021883295865469388, 0.0070255171610456605, 0.007602108881729893, 0.009458064073129279, -0.013928434090966578, -0.01907742825793369, -0.01332161554165909, -0.019425888363940037, 0.056914610018031185, -0.007166568275034649, 0.012957500555019996, 0.0005897631887623912, -0.008318746159641354, 0.0015837794293956746, 
-2.3952523837157977e-05, -3.5666320181506065e-05, 2.6649793297872622e-05, 4.199448239993969e-05, 4.278081109221265e-05, 4.5800140437876845e-05, -2.630253850968554e-05, -1.6211708774837796e-05, -0.00015914840098367903, -3.8145630568698786e-05, 5.468822991662147e-06, 0.0002441664132090429, -0.00012334394000637188, 0.0002861714300063581, -6.355966226235373e-05, -0.0001090040016420337, -0.00024649439459474256, -7.300717259129306e-05, -0.0003319387022711934, -4.863585185511774e-05, 0.0013043129085754948, 0.0004146679408293857, 0.00028719049848017645, -0.0045844755271459425, 0.004994445189824497, -0.004525465112984362, 0.0009686171289073617, -0.0006914525936837002, 0.007923576580001222, 0.00042877472368808454, 0.0017265313961756434, -0.010008605360889409, -0.0046134577468174565, -0.015856528303373495, -0.007166568275034649, 0.08201311900019355, -0.002125580217414871, 0.02332146916151094, -0.011668132841183116, -0.006962571811429332, 
-0.00034710344646569864, -0.00031030437007391847, 0.0002560149454530093, 0.0004138692150955068, 0.0005996651744890558, 0.0005100894877775371, -0.0004256881552214357, -0.000720232795452352, -0.0009629354746636675, -0.0008839636063944395, 0.0007392953914883537, 0.0011949180708789853, 0.0016322811487473382, 0.00144981854477015, -0.0012444634258756734, -0.0018513551751095422, -0.003030311033716154, -0.0023098704483394358, 0.002127294203732233, 0.003626355623775501, 0.004127157464670142, 0.00437208686519196, -0.003998512201216252, -0.0049133720094606155, -0.008167315622704622, -0.005725388310561493, 0.005631503924292379, 0.005843895527959989, 0.016372965109658966, 0.008336947986150587, -0.008637912927562606, -0.017961194859161065, -0.007648171346179287, -0.01918241601643066, 0.012957500555019996, -0.002125580217414871, 0.060606497827055746, -0.0041870771137221385, -0.00836956803386532, 0.0008580297051121265, 
-8.782145295843642e-05, -8.170782470673962e-05, 6.717936503895095e-05, 0.00010968141514836483, 0.0001489492540810576, 0.0001329692361274597, -0.00010981553225729475, -0.00016927336247738866, -0.00027697458286632864, -0.00021279667923985947, 0.00018275676798716758, 0.0003456503631320519, 0.00035694120252877034, 0.00041629328959001167, -0.00034104015112186136, -0.00047229447751622014, -0.0007439542866396625, -0.0005575968939737421, 0.0004714665635660389, 0.0006572744455336139, 0.0014635656377443482, 0.0009067433908845538, -0.0007678417333732358, -0.0021246980442554526, -0.000391439172571748, -0.0023682981199427645, 0.0013394726160939762, 0.0005600348885784847, 0.005126545409415511, 0.0009102366202385568, 0.00042900271537211663, -0.0029888410460456737, -0.007204442156704429, -0.006080221140879896, 0.0005897631887623912, 0.02332146916151094, -0.0041870771137221385, 0.04274944429257681, -0.012028059490232135, -0.010113021722383682, 
3.4798633504997e-05, 3.4336032261776913e-05, -2.874296417062443e-05, -4.322129715068393e-05, -6.508848189556818e-05, -5.242085806215305e-05, 4.655830401278547e-05, 6.938572013438073e-05, 0.00011645921483960501, 8.813565623612208e-05, -8.389969063040584e-05, -0.0001497947362125204, -0.0001276929032596226, -0.0001735401895970147, 0.0001547177658007566, 0.00012524070502839313, 0.0003857565698128996, 0.000153202396742223, -0.00016522578331304829, -0.00024180884913816575, -0.000534250672383621, -0.00036233740529613087, 0.0003024882579030151, 0.00079579451533854, -9.84978838464171e-06, 0.0008319076524163846, -0.0003839537602823832, 0.0009292945742362391, -0.004307701974533897, 0.0005344819066077038, 0.0001295323382292473, 0.0033186800426528882, 0.003428297120584845, 0.004970800619216373, -0.008318746159641354, -0.011668132841183116, -0.00836956803386532, -0.012028059490232135, 0.04554587051472665, -0.010195179397841155, 
-1.563608911988084e-05, -1.929361765924974e-05, 1.5420710122907994e-05, 1.9199908656807946e-05, 4.017991638927937e-05, 2.3802280670583095e-05, -2.240151177657784e-05, -3.770337145830701e-05, -6.624639253012882e-05, -5.090076901284215e-05, 5.39025429601654e-05, 0.00010811827864808796, 3.999325715253705e-05, 0.00011767913816077653, -0.00012767268891220862, -3.279623289392363e-06, -0.00038507282635293945, -1.1418481251293028e-05, 0.00017599884952872183, 0.0002282280759537555, 0.0002913491102642307, 0.0003302220270143812, -0.000653665479430068, -0.0005419401485127002, 0.0002985798779742076, -0.00025408013129093077, 0.0007791233238634392, -0.0030950486046417225, 0.005391255069751498, -0.0028098867873441328, 7.861991550754236e-05, -0.0013743516827538899, 0.00425783762341878, -0.0004897276480008009, 0.0015837794293956746, -0.006962571811429332, 0.0008580297051121265, -0.010113021722383682, -0.010195179397841155, 0.06388844551303041, 
 
};
const real_t GoL[] = { /* Linear term matrix of the QP, over Lipschitz constant. */
0.0034154727266078318, -0.01607697394211095, 0.0022937087845593855, 0.012286962519117123, 0.0029774667941892866, 0.0015024725241902302, -0.006317731226460213, 0.001146432696400705, 
-0.008528191149186837, -0.00561353859450061, -0.005659691898065318, 0.0062490557927995525, -0.007841313952303435, -0.0021367680041912665, -0.006061052873274422, 0.0020609513573302536, 
0.004292061100237251, 0.005846637092296193, 0.006570236074290262, -0.006496816793299958, 0.0037771958633911313, 0.0020612710949686128, 0.003299782311927609, -0.004791529577006194, 
0.004198456183340836, 0.0039024588952366805, 0.004287416915233954, 0.004815409529331868, 0.0045824002863581615, -0.0015899631286937369, 0.0012609050727643868, 0.001237357103756065, 
0.004286276977124957, 0.007992198743744213, 0.004694160240187731, -0.006832893009953426, 0.007116684990383827, 0.0006911918589169323, 0.0035810340226766144, -0.0013899502508413555, 
0.0011155907781445534, 0.0039449973395404144, 0.0013624319362163806, -0.0008055297429582861, 0.0025162651831923317, -0.00037492372632754204, 0.001664961565137698, 0.0010581126014490346, 
-0.0018072893503781348, -0.002215088784084673, -0.002367081320310521, 0.0010012611309048165, -0.003059174180580253, -0.0006001326606487289, -0.0009679599867557345, -0.00023245279299251333, 
-0.00014026215554025276, -0.00353015772261792, 0.000491189357007829, 0.0009586380565088651, 0.0028521309602866614, 0.0007241865469926562, -0.0028098899998445694, 0.001642432598049686, 
-0.0009277411641430329, -0.005514064256966292, -0.0020967006200597054, 0.0027571643438979543, -0.0026545769849733057, 0.00044319795901652336, -0.002056751051638413, 0.0001077124809705071, 
-0.0005447994051901014, -0.002988462775796669, -0.00044946818735577967, 0.0017308276037032368, -9.849570330170223e-05, 0.00026641640440202993, -0.001527340316957518, 0.0006358161856302749, 
0.00019797294084859194, 0.0017708890192825286, 0.00021871193804561142, -0.00093272073275332, 1.584052008727146e-05, -0.00011335227112326737, 0.0008169643211719151, -0.00013292926373498361, 
0.0016826366901038072, 0.0009336188140560738, 0.001070401194437464, -0.0005278262124732511, 0.001371223909976793, 0.000379537220446896, 0.0010666972742560423, -0.0005076692137522641, 
0.0009711230196309618, 0.0035697181071401205, 0.0013057793914590292, -0.0021378748343401713, 0.0011608274912283752, -0.0001606762173081368, 0.0016297627059309126, -0.000746717119265207, 
0.0007996414558957215, 0.0015057928326570645, 0.0008069033812086254, -0.0009210711162924919, 0.001044038473419548, 6.0493570812533727e-05, 0.0008363946974807737, -0.0002677386997552496, 
-0.0004780605620679539, -0.0009147754981647629, -0.0004074797779978885, 0.000658098595600661, -0.0005358342011664036, -6.0830806003133395e-05, -0.0005251783188349823, 0.00017866109104039605, 
-0.0001405430945266845, -0.0006521225263370818, -0.00011400276353892148, 2.281296764087709e-05, -0.00017732509265926095, 8.33206208075749e-05, -0.00037081980721246147, -0.0001317568502389378, 
